   65.7417737470000       4.553819998847075E-004  2.744366694993784E-004
   88.0847433320000      -4.316967643944736E-004  2.987509687836786E-004
   289.171469597000       4.102873530769102E-004  4.760560695563588E-004
   311.514439182000      -5.202529502952302E-004  5.945275399802673E-004
   333.857408767000      -5.906617379451973E-004  1.102094896669026E-003
   356.200378352000      -5.007769717195742E-004  2.972602253452335E-004
   378.543347937000       1.259006617146952E-004  4.697048022777277E-004
   400.886317522000       9.092429082642184E-004  3.374126885957431E-004
   423.229287107000       4.552898992500332E-004  2.778871521195832E-004
   445.572256692000      -1.006610396515839E-003  2.844986063240084E-004
   467.915226277000      -5.500549409731548E-004  3.515980108412692E-004
   669.001952542000       1.469556208533618E-003  3.270902296748618E-004
   691.344922127000       8.562487575005662E-004  2.617927706430666E-004
   758.373830882000      -8.519190818958577E-004  2.445885642953098E-004
   780.716800467000      -2.626349228762592E-005  2.927035700481772E-004
   803.059770052000       4.665137066979241E-004  2.981963659139217E-004
   825.402739637000       1.956967981726621E-004  3.316327149428979E-004
   1048.83243548700       5.363121070729449E-004  4.026897783261934E-004
   1071.17540507200      -1.312624806317331E-003  3.721825123564265E-004
   1093.51837465700      -1.778778182853102E-003  4.594134462612331E-004
   1115.86134424200       1.707796389922578E-004  9.662622417519084E-004
   1138.20431382700      -9.029981750074967E-005  3.092279128183031E-004
   1160.54728341200       1.669398159947377E-003  2.845786566788233E-004
   1182.89025299700       4.313070062380575E-004  3.518630466473127E-004
   1205.23322258200      -4.651245874640608E-004  3.722792436395058E-004
   1406.31994884700       4.523988877735974E-005  2.742454762295698E-004
   1428.66291843200       5.662357562243869E-004  2.761774345661525E-004
   1451.00588801700       1.483210522223999E-004  3.194576633191387E-004
   1473.34885760200      -2.819493984702603E-004  3.288470304516431E-004
   1495.69182718700      -3.655425202993001E-004  3.968806377063990E-004
