   94.2397579300000       5.022420348979040E-003  1.502297260720059E-003
   311.519702114000      -1.957870990565880E-003  1.625258057237657E-003
   365.839688160000      -2.991738979005731E-004  9.060589254508042E-004
   420.159674206000      -4.092831830035948E-003  8.724796818342891E-004
   691.759604436000       4.424109094358641E-003  1.286621898723685E-003
   746.079590482000       3.027704057799951E-003  1.037050928248435E-003
   800.399576528000       4.002298800500625E-003  8.716835118124878E-004
   1071.99950675800      -3.453321415975097E-003  1.053308635919457E-003
   1126.31949280400      -5.650954951860854E-003  1.107462091179994E-003
   1180.63947885000      -5.638387063314099E-003  8.890577785729458E-004
   1452.23940908000       3.320378457331685E-003  1.017761068481467E-003
   1506.55939512600       5.077923059289446E-003  8.131997907955049E-004
