   71.0091815450000      -3.910813017412806E-003  1.987947288683393E-003
   81.4328593100000      -1.555588358968407E-003  1.873153637809402E-003
   91.8565370750000       2.357460336384065E-004  1.748344258009417E-003
   289.906414610000       2.091120407143876E-003  2.367027502685296E-003
   300.330092375000       3.649165695037482E-003  2.345821469701437E-003
   310.753770140000      -1.749956271638098E-003  2.478218237456950E-003
   321.177447905000      -1.100218647763995E-003  2.027128634583573E-003
   342.024803435000      -2.612555232332170E-003  1.850776210175985E-003
   352.448481200000      -5.335730980007725E-003  2.564034930693530E-003
   362.872158965000      -7.699758811114066E-003  2.745334940324436E-003
   373.295836730000      -4.549676169531836E-003  3.323506407223121E-003
   383.719514495000      -1.297121627246156E-003  2.314020386206219E-003
   394.143192260000      -1.534158911141503E-003  1.995379298385227E-003
   404.566870025000      -1.880269040128724E-004  1.570107188110501E-003
   414.990547790000       4.821893676250966E-003  2.347048289644010E-003
   425.414225555000       4.156801635701868E-003  2.177247024142197E-003
   435.837903320000       5.202645526154015E-003  2.129730310317734E-003
   446.261581085000       4.982749545192178E-003  2.249320131648012E-003
   456.685258850000       2.054413237701169E-003  2.330160231673845E-003
   467.108936615000      -5.379781453456189E-004  2.116088009574373E-003
   675.582491914999      -2.440491895725927E-003  1.929687109656576E-003
   686.006169679999      -2.950669282043350E-003  2.437807683479233E-003
   706.853525209999      -4.297169795393074E-004  2.461206445957226E-003
   717.277202974999      -1.494837653325476E-003  2.525573677506168E-003
   727.700880739999       4.685549631588515E-003  1.707534205884155E-003
   748.548236269999       3.262947492700619E-003  1.995526227738579E-003
   758.971914034999       4.383908202967746E-003  2.162260210435816E-003
   769.395591799999       3.698113049296126E-003  1.856003482892139E-003
   779.819269564999       7.279920516936045E-004  2.190242474800765E-003
   790.242947329999      -2.478953366292558E-003  2.192000929142441E-003
   800.666625094999      -6.561295602764972E-003  2.115709967001245E-003
   811.090302859999      -2.725136515934423E-003  3.420755284718526E-003
   821.513980624999      -2.064505228275948E-003  1.992934665773947E-003
   831.937658389999      -8.173598867955434E-004  1.729741132178925E-003
   1040.41121369000       9.210184520739517E-003  2.869618833228091E-003
   1061.25856922000       9.997927609120438E-003  2.435306555447244E-003
   1071.68224698500       5.099139457698243E-003  2.720107948602851E-003
   1082.10592475000      -2.330431817512135E-004  2.125177079172537E-003
   1092.52960251500      -6.676081429333180E-004  1.943136415975378E-003
   1102.95328028000      -1.145376721467528E-005  2.778202563727301E-003
   1113.37695804500      -2.563465029226109E-003  3.508120317113954E-003
   1123.80063581000      -8.175415099316297E-004  2.265630111970561E-003
   1134.22431357500      -6.037419639312702E-003  1.988552206506837E-003
   1144.64799134000      -2.735397839558118E-003  1.992893313552896E-003
   1155.07166910500      -1.472445219974361E-006  2.730639241773241E-003
   1165.49534687000      -1.730484745721128E-003  2.023885435925328E-003
   1175.91902463500       1.103689071200620E-003  2.178011939833933E-003
   1186.34270240000       2.277260358511057E-003  1.756534066783901E-003
   1196.76638016500       2.473088536703472E-003  2.992318040927796E-003
   1405.23993546500      -1.135839280485129E-002  3.821238869441376E-003
   1426.08729099500      -1.292538330403659E-003  2.055920420119282E-003
   1436.51096876000      -4.422600856827330E-003  2.318045011661420E-003
   1446.93464652500       1.614888123071978E-003  2.232745616127013E-003
   1457.35832429000      -7.496792226518778E-003  1.575583711481257E-003
   1467.78200205500      -1.606349949500441E-002  2.501427448421298E-003
   1478.20567982000      -1.817961310734972E-005  1.947155788508351E-003
   1488.62935758500       1.833063268321666E-004  1.926064547013162E-003
   1499.05303535000       6.290353886640787E-003  1.923379769146461E-003
   1509.47671311500       5.086289680207301E-003  3.158985263309853E-003
   1519.90039088000       7.763979920937913E-003  3.023235126629443E-003
