   64.6192493670000       8.774080391873440E-004  6.849243250502977E-003
   68.3624249234000      -6.742326954167766E-005  1.048412642705992E-002
   72.1056004798000      -3.430191786040382E-002  1.295913779398499E-002
   75.8487760362000       1.817291166616997E-005  1.227587298365851E-002
   79.5919515926000       2.655288717690496E-003  1.312348888275319E-002
   83.3351271490000      -8.710500594077075E-003  1.419970337100333E-002
   87.0783027054000      -2.106744027230434E-005  1.100382088877789E-002
   90.8214782618000       4.223443849014075E-003  1.178952697371840E-002
   94.5646538182000      -6.062507507387238E-002  1.474902363737308E-002
   285.466607194600      -1.196890663995021E-002  1.877748941629746E-002
   289.209782751000      -6.302039643884427E-003  1.264131701487129E-002
   292.952958307400      -1.772983551910556E-002  1.641475821795387E-002
   296.696133863800      -1.647784239911232E-002  1.275805664344544E-002
   300.439309420200       7.250482834123773E-003  1.488991165811205E-002
   304.182484976600      -8.869331859244767E-003  1.181003721065408E-002
   307.925660533000       9.236073336637673E-003  1.362383933605472E-002
   311.668836089400       4.992330010267665E-003  2.881130985823902E-002
   319.155187202200       2.206049913183961E-003  1.568477919875646E-002
   322.898362758600      -2.019130339596131E-002  1.602195319585710E-002
   326.641538315000      -2.168927535720400E-003  1.138724718661027E-002
   334.127889427800       1.334512810306876E-002  8.541255273956933E-003
   337.871064984200      -8.894001567369969E-004  1.671694757738433E-002
   341.614240540599       2.085420790882608E-002  1.162508734912726E-002
   345.357416096999      -9.135912076573049E-003  1.985622588381013E-002
   349.100591653399      -2.272665368927562E-002  1.344823267334792E-002
   352.843767209799       6.055878802683878E-003  1.797952814339313E-002
   356.586942766199       4.443201214148473E-002  9.877143314139287E-003
   360.330118322599       6.752900741560097E-004  1.356665239760431E-002
   364.073293878999       1.637424655115183E-003  1.044923411493492E-002
   367.816469435399      -7.148789364194386E-003  1.437142428287936E-002
   371.559644991799      -5.958321908593689E-003  1.063618125065103E-002
   382.789171660999      -6.556335088717447E-003  1.513812348536970E-002
   386.532347217399       9.494786261754484E-003  1.443778941879580E-002
   390.275522773799      -2.928395118900085E-003  1.078337852488626E-002
   394.018698330199       1.393830491666392E-002  1.163847940947627E-002
   397.761873886599      -4.503789698162564E-004  1.442227186962067E-002
   401.505049442999      -1.061846230783203E-004  1.324641911064656E-002
   405.248224999399      -5.327827948505615E-003  1.252361778950660E-002
   412.734576112199       1.405639197787423E-002  7.467083812552085E-003
   416.477751668599      -1.131828877832675E-002  1.214081903863997E-002
   420.220927224999      -2.500768441549894E-003  1.658907210722244E-002
   423.964102781399      -4.094895171689927E-003  1.485076310483248E-002
   427.707278337799       1.834937368555245E-002  1.173028397684820E-002
   431.450453894199       4.602518929829102E-003  9.989901447370702E-003
   435.193629450599       6.093714215978707E-003  1.502045680201225E-002
   438.936805006999       5.809641440762903E-003  8.970278760403900E-003
   442.679980563399       1.336020841547736E-002  1.213085377867827E-002
   446.423156119799      -1.306452271919056E-003  1.363864737660966E-002
   450.166331676199       1.013037951678086E-002  1.436726053045416E-002
   453.909507232599      -3.825807567788786E-002  1.179529891522296E-002
   457.652682788999      -1.512896150572374E-003  1.648006163706626E-002
   461.395858345399       6.727163577096462E-003  1.008076352390625E-002
   465.139033901799      -2.971839024269229E-003  1.689512293455806E-002
   468.882209458199      -8.279252678988769E-003  1.460550213484523E-002
   671.013689503801      -9.267077503309906E-003  1.357627862177851E-002
   674.756865060201       2.701154105049852E-002  1.278241197691685E-002
   678.500040616601       3.935053007737110E-003  1.112124601326345E-002
   682.243216173001       4.403278061076321E-003  1.037851033848701E-002
   685.986391729401      -3.369387211917285E-002  1.041561491051314E-002
   689.729567285801      -2.214979467362355E-002  1.125043022165693E-002
   693.472742842201       5.385095408402663E-002  4.397028575689239E-002
   697.215918398601       2.135018524711541E-003  1.302513471266054E-002
   700.959093955001      -1.232710835616047E-002  1.105878127163126E-002
   704.702269511401       1.031561468781206E-002  1.541594622144772E-002
   708.445445067802      -1.566967186380452E-002  1.501002790817800E-002
   712.188620624202       5.077534331377365E-002  3.198748667035891E-002
   715.931796180602       2.040020864541248E-002  1.208875281082380E-002
   719.674971737002      -3.242430842254862E-002  8.951216965719469E-003
   723.418147293402       1.700237010501837E-002  1.227811852838613E-002
   727.161322849802      -1.375452587552672E-003  9.264419614523928E-003
   730.904498406202      -7.557783968451304E-003  1.044977545220549E-002
   734.647673962602      -4.262564626803567E-002  1.222031587169906E-002
   742.134025075402      -2.042609424137254E-002  1.636269004563813E-002
   745.877200631802      -2.799074925673040E-002  1.530274812531871E-002
   749.620376188202       1.603426181623036E-002  1.307430161129415E-002
   753.363551744602      -6.035548549135683E-003  1.035003765665519E-002
   757.106727301002      -3.899045122409461E-003  1.507800145237877E-002
   760.849902857402      -5.798617014278307E-003  1.020972174670526E-002
   764.593078413802       1.068665083901976E-002  2.732394442094065E-002
   768.336253970202       3.338188621385996E-002  1.275603947842761E-002
   772.079429526602       1.405013018671752E-002  9.891160044217208E-003
   775.822605083002       6.355083963512698E-003  9.700441314045637E-003
   779.565780639402       1.244732175085517E-002  1.134282771672107E-002
   783.308956195802       9.648346357323589E-003  1.330499282480208E-002
   787.052131752203       5.902583692716235E-003  8.218727097609889E-003
   790.795307308603       3.898533820006378E-003  1.668389107845038E-002
   794.538482865003       6.617482441058087E-003  1.709665552831036E-002
   798.281658421403       7.045549882775504E-003  1.223103483932894E-002
   802.024833977803       2.237556065234969E-002  1.150675271528672E-002
   805.768009534203      -3.190187187622939E-002  1.250418236367136E-002
   809.511185090603       1.970871600182988E-002  1.037961144567196E-002
   813.254360647003       1.188464926968891E-003  1.069826925788862E-002
   816.997536203403      -1.939145776034934E-002  1.146271261140595E-002
   820.740711759803      -7.880948251084874E-003  1.178839927095314E-002
   824.483887316203      -1.580358089981360E-003  1.539903720498519E-002
   828.227062872603      -6.525954677712775E-003  1.075016214000715E-002
   831.970238429003       7.872815063279859E-003  1.547654680611662E-002
   835.713413985403       1.977873901776661E-002  1.005251820445890E-002
   1034.10171847461       6.664335805027122E-003  9.397572675181315E-003
   1037.84489403101       5.048414569046145E-003  1.270187473029102E-002
   1041.58806958741       4.475639962976175E-003  8.449113074958568E-003
   1045.33124514381       3.885444820343764E-002  1.019272033403739E-002
   1049.07442070021      -6.663263633646466E-002  1.285288895751171E-002
   1052.81759625661       4.822550319295260E-002  1.139735900785832E-002
   1056.56077181301      -2.047824892329686E-003  2.025034180044923E-002
   1060.30394736941       8.114859269227281E-003  1.057917107900973E-002
   1064.04712292581      -1.666851030947214E-002  8.113944685337538E-003
   1067.79029848221      -1.597418525362571E-002  1.286631478745202E-002
   1071.53347403861      -6.446514654285807E-003  1.460890187701637E-002
   1075.27664959501      -2.569405268715741E-002  1.092206611764626E-002
   1079.01982515141      -6.760147174212250E-002  1.328579720125598E-002
   1082.76300070781       2.989382816554098E-002  1.408298229826001E-002
   1086.50617626421      -1.454476669422888E-002  9.224776318649024E-003
   1090.24935182061      -1.088158101237013E-002  1.164816776126599E-002
   1101.47887848981      -1.102671724733284E-002  1.431014685834059E-002
   1105.22205404621      -3.692784180429953E-003  1.029725120731905E-002
   1108.96522960261      -8.033459961396261E-003  1.680292368484366E-002
   1116.45158071541      -5.352844354064246E-003  1.435158636026698E-002
   1123.93793182821      -2.253672047700661E-003  1.314112107027451E-002
   1127.68110738461      -5.831430273573801E-003  9.507740364916539E-003
   1131.42428294101       4.700679536867369E-003  1.262546292637606E-002
   1135.16745849741      -1.665702124745394E-002  1.086042373941815E-002
   1138.91063405381      -1.344634770836706E-002  1.653113616292872E-002
   1142.65380961021      -7.320562744723702E-003  1.245461444085634E-002
   1146.39698516661      -1.913005394524703E-002  1.019769985301005E-002
   1150.14016072301       3.568779098259256E-003  9.782624862843663E-003
   1153.88333627941      -8.550919562821946E-004  1.205454886140927E-002
   1157.62651183581      -1.241037594027716E-003  1.204674684215860E-002
   1161.36968739221      -4.809542422648860E-003  1.294309383089737E-002
   1165.11286294861      -2.759943270370968E-002  2.148241199816512E-002
   1168.85603850501       5.345494035708498E-003  1.420427161251325E-002
   1172.59921406141       4.665273705214190E-003  9.776281614767466E-003
   1176.34238961781       1.829073118983615E-003  1.415300750302548E-002
   1180.08556517421      -1.630710549812875E-002  1.203434827399946E-002
   1183.82874073061      -7.525217067623657E-003  1.087713758634639E-002
   1187.57191628701       1.447532025991904E-003  9.607819614643291E-003
   1191.31509184341      -4.393003487876967E-004  1.012461452756476E-002
   1195.05826739981       9.611864816548632E-003  1.109264900539271E-002
   1198.80144295621       6.753962142227010E-003  1.210602311724690E-002
   1202.54461851261       1.185404267374679E-003  1.357665408032358E-002
   1408.41927411461      -5.894785148186088E-003  1.089136825814380E-002
   1423.39197634021      -2.135754842235826E-002  1.104547304748526E-002
   1427.13515189661       2.079223429475974E-002  1.219347066875543E-002
   1430.87832745301      -8.262778314076513E-004  1.708069715441634E-002
   1434.62150300941       1.338069404123132E-002  1.666496165632668E-002
   1438.36467856581      -2.678523197045024E-002  1.099413425477929E-002
   1442.10785412221      -1.048842140239969E-002  1.067443794403480E-002
   1445.85102967861      -6.640578215126425E-003  1.437723994547983E-002
   1449.59420523501      -5.863736465045122E-003  1.178329693200674E-002
   1453.33738079141       6.069082680085103E-003  1.123897857155924E-002
   1457.08055634781       1.194188155002962E-002  1.072052932279506E-002
   1460.82373190421       1.694435993265131E-002  1.276144492304688E-002
   1464.56690746061       1.002423937654839E-002  1.349133612421219E-002
   1468.31008301701      -4.252534797927865E-002  1.352935040781658E-002
   1472.05325857341       7.758168516147634E-005  1.531583870619727E-002
   1475.79643412981       7.093384811440728E-004  1.268557705930715E-002
   1479.53960968621       5.351283363097536E-007  1.245753517324908E-002
   1483.28278524261      -1.471288465398857E-002  1.269790323579765E-002
   1487.02596079901       1.015191664534143E-002  1.286529468345764E-002
   1490.76913635541       1.118137678274422E-002  8.989057872392571E-003
   1494.51231191181      -3.977345096780027E-002  2.269606888369030E-002
   1498.25548746821      -7.712792376878497E-003  1.048411478684180E-002
   1501.99866302461       9.307926280968104E-004  1.127502858042598E-002
   1505.74183858101       7.396480114891801E-003  1.035111539504537E-002
   1509.48501413741       1.076828249412642E-002  1.716110941545937E-002
   1513.22818969381       1.750619755640059E-002  1.125274634806010E-002
   1520.71454080661      -5.987898684523429E-003  1.142979277793663E-002
