      -827.23165
      -335.91307
      -331.86666
      -325.98294
      -296.03091
       76.069642
       100.04717
       109.92902
       111.04824
       113.04350
       114.07680
       115.07428
       116.05423
       134.01454
       135.09464
       139.01506
       140.81317
       144.10013
       144.79631
       146.05674
       147.97204
       149.09143
       149.75178
       149.76575
       149.77943
       149.79264
       149.80568
       149.81845
       149.83064
       149.84759
       149.86065
       149.87716
       149.88929
       149.90149
       149.91404
       149.92749
       149.94200
       149.95787
       149.97318
       149.98759
       150.00574
       150.02180
       150.03616
       150.05057
       150.06488
       150.07930
       150.09375
       151.07497
       164.00062
       173.92545
       487.07222
       489.02617
