FORPRINT: Tue Feb  4 19:18:07 2014
       16684.518      -55.133587
       16694.336       54.711193
       16704.154       11.904525
       16713.972       14.656687
       16723.790       194.15392
       16733.608       216.79867
       16743.426       279.29308
       16753.244       564.04130
       16763.062       754.74001
       16772.880       1005.6183
       16782.698       1506.3613
       16792.516       1982.2635
       16802.334       2607.2122
       16812.152       3603.7568
       16821.970       4689.1137
       16831.788       6070.3332
       16841.606       8075.2515
       16851.424       10526.819
       16861.242       13717.953
       16871.060       18185.699
       16880.878       24146.489
       16890.696       32537.945
       16900.514       45152.170
       16910.332       64885.223
       16920.150       99724.687
       16929.968       176524.02
       16939.786       490343.41
       16949.604       1017428.9
       16959.422       481801.51
       16969.240       341215.76
       16979.058       269936.53
       16988.876       225156.51
       16998.694       193431.69
       17008.512       169259.85
       17018.330       150185.82
       17028.148       134384.43
       17037.966       120867.42
       17047.784       109306.80
       17057.602       99049.228
       17067.420       89759.898
       17077.238       81515.748
       17087.056       73892.526
       17096.874       66710.525
       17106.692       60201.560
       17116.510       54056.125
       17126.328       48110.364
       17136.146       42619.309
       17145.964       37349.465
       17155.782       32167.555
       17165.600       27353.681
       17175.418       22666.635
       17185.236       17968.537
       17195.054       13582.358
       17204.872       9309.0136
       17214.690       4974.8104
       17224.508       880.06676
       17234.326      -3126.7242
       17244.144      -7209.4210
       17253.962      -11062.650
       17263.780      -14856.682
       17273.598      -18771.160
       17283.416      -22470.233
       17293.234      -26086.181
       17303.052      -29836.237
       17312.870      -33417.403
       17322.688      -36917.349
       17332.506      -40543.818
       17342.324      -43993.838
       17352.142      -47373.913
       17361.960      -50909.088
       17371.778      -54271.177
       17381.596      -57527.917
       17391.414      -60938.436
       17401.232      -64213.615
       17411.050      -67377.302
       17420.868      -70676.240
       17430.686      -73824.087
       17440.504      -76862.282
       17450.322      -80054.085
       17460.140      -83091.474
       17469.958      -85975.665
       17479.776      -88998.452
       17489.594      -91895.248
       17499.412      -94623.437
       17509.230      -97457.323
       17519.048      -100135.69
       17528.866      -102630.71
       17538.684      -105229.27
       17548.502      -107648.48
       17558.320      -109815.57
       17568.138      -112034.78
       17577.956      -114063.77
       17587.774      -115778.03
       17597.592      -117446.95
       17607.410      -118815.59
       17617.228      -119749.58
       17627.046      -120494.71
       17636.864      -120727.55
       17646.682      -120195.68
       17656.500      -119044.07
       17666.318      -116815.79
       17676.136      -112913.98
       17685.954      -106924.13
       17695.772      -97389.952
       17705.590      -81621.572
       17715.408      -54057.683
       17725.226       3043.0093
       17735.044       180854.36
       17744.862       1922982.1
       17754.680       415225.07
       17764.498       226680.35
       17774.316       141085.85
       17784.134       89504.458
       17793.952       54105.343
       17803.770       27563.215
       17813.588       6645.3334
       17823.406      -10250.095
       17833.224      -24539.517
       17843.042      -36857.677
       17852.860      -47416.103
       17862.678      -56833.747
       17872.496      -65295.617
       17882.314      -72742.476
       17892.132      -79609.174
       17901.950      -85939.607
       17911.768      -91547.664
       17921.586      -96801.277
       17931.404      -101754.48
       17941.222      -106158.82
       17951.040      -110315.76
       17960.858      -114266.27
       17970.676      -117767.18
       17980.494      -121113.45
       17990.312      -124326.79
       18000.130      -127124.60
       18009.948      -129789.93
       18019.766      -132399.16
       18029.584      -134645.57
       18039.402      -136766.61
       18049.220      -138843.33
       18059.038      -140591.30
       18068.856      -142251.91
       18078.674      -143896.06
       18088.492      -145210.58
       18098.310      -146426.02
       18108.128      -147672.41
       18117.946      -148622.19
       18127.764      -149460.32
       18137.582      -150322.18
       18147.400      -150907.21
       18157.218      -151405.45
       18167.036      -151942.94
       18176.854      -152195.11
       18186.672      -152337.99
       18196.490      -152556.23
       18206.308      -152517.55
       18216.126      -152350.21
       18225.944      -152241.88
       18235.762      -151889.88
       18245.580      -151427.55
       18255.398      -151031.67
       18265.216      -150378.84
       18275.034      -149584.42
       18284.852      -148880.96
       18294.670      -147942.49
       18304.488      -146833.50
       18314.306      -145784.75
       18324.124      -144500.19
       18333.942      -143047.47
       18343.760      -141641.32
       18353.578      -139964.26
       18363.396      -138057.99
       18373.214      -136183.14
       18383.032      -134016.56
       18392.850      -131535.93
       18402.668      -128979.95
       18412.486      -126035.15
       18422.304      -122652.44
       18432.122      -119007.59
       18441.940      -114703.60
       18451.758      -109565.02
       18461.576      -103655.73
       18471.394      -96326.631
       18481.212      -86902.827
       18491.030      -74616.018
       18500.848      -57188.218
       18510.666      -30098.990
       18520.484       18507.763
       18530.302       138977.07
       18540.120       1437901.4
       18549.938       586975.86
       18559.756       319905.46
       18569.574       219604.31
       18579.392       164314.52
       18589.210       128658.55
       18599.028       103664.37
       18608.846       84905.389
       18618.664       70404.104
       18628.482       59023.453
       18638.300       49626.353
       18648.118       41862.848
       18657.936       35547.234
       18667.754       30092.572
       18677.572       25444.245
       18687.390       21619.145
       18697.208       18201.475
       18707.026       15247.014
       18716.844       12869.333
       18726.662       10670.697
       18736.480       8723.2910
       18746.298       7218.4526
       18756.116       5804.7152
       18765.934       4535.6231
       18775.752       3598.3801
       18785.570       2679.4821
       18795.388       1847.9200
       18805.206       1319.6146
       18815.024       755.63613
       18824.842       202.16414
       18834.660      -76.820605
       18844.478      -389.91209
       18854.296      -724.57579
       18864.114      -837.65506
       18873.932      -1007.1107
       18883.750      -1213.0826
       18893.568      -1191.9682
       18903.386      -1247.5823
       18913.204      -1389.8268
       18923.022      -1313.9075
       18932.840      -1291.8994
       18942.658      -1368.0842
       18952.476      -1265.0396
       18962.294      -1223.7726
       18972.112      -1282.0842
       18981.930      -1145.6268
       18991.748      -1077.7123
       19001.566      -1148.5768
       19011.384      -1027.0874
       19021.202      -941.40754
       19031.020      -993.99945
       19040.838      -885.97082
       19050.656      -812.88499
       19060.474      -869.24883
       19070.292      -741.62100
       19080.110      -643.25541
       19089.928      -701.46049
       19099.746      -569.11165
       19109.564      -419.69841
       19119.382      -407.81113
       19129.200      -221.07052
       19139.018       3.3676541
       19148.836       124.65330
       19158.654       471.63761
       19168.472       899.31729
       19178.290       1241.9464
       19188.108       1868.7298
       19197.926       2691.7714
       19207.744       3542.0949
       19217.562       4777.5502
       19227.380       6386.4266
       19237.198       8274.1050
       19247.016       10898.550
       19256.834       14377.139
       19266.652       18806.744
       19276.470       25047.734
       19286.288       33939.324
       19296.106       46886.461
       19305.924       67638.746
       19315.742       104868.32
       19325.560       188782.09
       19335.378       579703.12
       19345.196       905626.82
       19355.014       463717.93
       19364.832       333595.07
       19374.650       265937.41
       19384.468       222580.38
       19394.286       191757.98
       19404.104       168362.13
       19413.922       149511.07
       19423.740       133983.05
       19433.558       120893.90
       19443.376       109344.70
       19453.194       99202.563
       19463.012       90247.628
       19472.830       81952.013
       19482.648       74375.356
       19492.466       67491.199
       19502.284       60909.886
       19512.102       54773.116
       19521.920       49106.559
       19531.738       43535.527
       19541.556       38247.172
       19551.374       33336.076
       19561.192       28442.625
       19571.010       23713.015
       19580.828       19278.852
       19590.646       14818.315
       19600.464       10484.136
       19610.282       6406.9935
       19620.100       2243.1644
       19629.918      -1841.5609
       19639.736      -5671.1504
       19649.554      -9585.6648
       19659.372      -13475.690
       19669.190      -17142.896
       19679.008      -20893.562
       19688.826      -24619.670
       19698.644      -28129.851
       19708.462      -31754.429
       19718.280      -35378.595
       19728.098      -38770.655
       19737.916      -42254.137
       19747.734      -45773.901
       19757.552      -49082.548
       19767.370      -52466.980
       19777.188      -55875.145
       19787.006      -59068.683
       19796.824      -62357.017
       19806.642      -65683.886
       19816.460      -68773.624
       19826.278      -71923.761
       19836.096      -75138.183
       19845.914      -78130.957
       19855.732      -81158.860
       19865.550      -84228.341
       19875.368      -87063.577
       19885.186      -89941.036
       19895.004      -92863.310
       19904.822      -95519.024
       19914.640      -98166.105
       19924.458      -100864.59
       19934.276      -103295.98
       19944.094      -105670.44
       19953.912      -108045.13
       19963.730      -110107.76
       19973.548      -112078.76
       19983.366      -114002.01
       19993.184      -115519.52
       20003.002      -116810.41
       20012.820      -117949.16
       20022.638      -118541.11
       20032.456      -118663.10
       20042.274      -118308.63
       20052.092      -116974.44
       20061.910      -114560.22
       20071.728      -110735.90
       20081.546      -104406.48
       20091.364      -94374.016
       20101.182      -78091.408
       20111.000      -48816.289
       20120.818       13122.392
       20130.636       219500.43
       20140.454       1381134.1
       20150.272       389929.69
       20160.090       217880.27
       20169.908       136852.23
       20179.726       87309.948
       20189.544       52682.241
       20199.362       26777.560
       20209.180       6377.2049
       20218.998      -10488.589
       20228.816      -24570.326
       20238.634      -36615.698
       20248.452      -47304.471
       20258.270      -56639.776
       20268.088      -64899.578
       20277.906      -72532.462
       20287.724      -79376.470
       20297.542      -85530.738
       20307.360      -91344.978
       20317.178      -96612.939
       20326.996      -101402.26
       20336.814      -106020.83
       20346.632      -110217.68
       20356.450      -114007.53
       20366.268      -117725.68
       20376.086      -121134.47
       20385.904      -124187.24
       20395.722      -127198.19
       20405.540      -129945.53
       20415.358      -132395.02
       20425.176      -134848.96
       20434.994      -137067.80
       20444.812      -138982.41
       20454.630      -140931.83
       20464.448      -142706.47
       20474.266      -144185.99
       20484.084      -145691.14
       20493.902      -147035.17
       20503.720      -148116.62
       20513.538      -149246.09
       20523.356      -150224.59
       20533.174      -150918.77
       20542.992      -151672.74
       20552.810      -152324.01
       20562.628      -152691.52
       20572.446      -153097.76
       20582.264      -153404.67
       20592.082      -153453.16
       20601.900      -153553.99
       20611.718      -153559.06
       20621.536      -153278.85
       20631.354      -153052.20
       20641.172      -152771.52
       20650.990      -152202.26
       20660.808      -151656.71
       20670.626      -151051.20
       20680.444      -150175.27
       20690.262      -149326.41
       20700.080      -148410.80
       20709.898      -147187.74
       20719.716      -145975.24
       20729.534      -144720.59
       20739.352      -143138.30
       20749.170      -141511.17
       20758.988      -139804.21
       20768.806      -137752.19
       20778.624      -135611.91
       20788.442      -133326.22
       20798.260      -130585.29
       20808.078      -127638.02
       20817.896      -124438.59
       20827.714      -120590.37
       20837.532      -116235.21
       20847.350      -111241.07
       20857.168      -105074.12
       20866.986      -97584.427
       20876.804      -88158.497
       20886.622      -75364.589
       20896.440      -57279.422
       20906.258      -29138.301
       20916.076       22903.566
       20925.894       157842.22
       20935.712       3450199.4
       20945.530       541847.00
       20955.348       305224.24
       20965.166       210992.81
       20974.984       158268.82
       20984.802       123919.97
       20994.620       99422.841
       21004.438       81248.403
       21014.256       67162.785
       21024.074       55794.901
       21033.892       46684.179
       21043.710       39169.102
       21053.528       32748.123
       21063.346       27486.639
       21073.164       23039.246
       21082.982       19065.924
       21092.800       15797.573
       21102.618       13033.201
       21112.436       10491.319
       21122.254       8413.3376
       21132.072       6655.9785
       21141.890       4982.3617
       21151.708       3670.8311
       21161.526       2596.2435
       21171.344       1488.8736
       21181.162       656.16195
       21190.980       28.179994
       21200.798      -666.76113
       21210.616      -1160.9953
       21220.434      -1502.7463
       21230.252      -1942.2521
       21240.070      -2198.1340
       21249.888      -2313.4057
       21259.706      -2581.6239
       21269.524      -2706.9327
       21279.342      -2683.8694
       21289.160      -2809.5344
       21298.978      -2835.8246
       21308.796      -2741.7480
       21318.614      -2802.8751
       21328.432      -2763.1225
       21338.250      -2596.8201
       21348.068      -2622.5112
       21357.886      -2575.9838
       21367.704      -2384.2626
       21377.522      -2365.5316
       21387.340      -2306.6221
       21397.158      -2122.5864
       21406.976      -2106.8302
       21416.794      -2041.1084
       21426.612      -1835.0312
       21436.430      -1822.3258
       21446.248      -1780.9396
       21456.066      -1573.6012
       21465.884      -1528.0759
       21475.702      -1474.5401
       21485.520      -1266.5583
       21495.338      -1202.0838
       21505.156      -1106.7937
       21514.974      -826.74107
       21524.792      -694.79153
       21534.610      -533.70977
       21544.428      -140.19833
       21554.246       169.09989
       21564.064       524.62480
       21573.882       1143.0177
       21583.700       1752.6881
       21593.518       2502.4061
       21603.336       3636.6558
       21613.154       4881.1223
       21622.972       6425.3353
       21632.790       8621.0729
       21642.608       11305.442
       21652.426       14760.675
       21662.244       19573.160
       21672.062       26014.460
       21681.880       35086.924
       21691.698       48801.334
       21701.516       70578.705
       21711.334       110053.98
       21721.152       202596.42
       21730.970       709339.76
       21740.788       820792.96
       21750.606       447418.81
       21760.424       326519.90
       21770.242       261839.56
       21780.060       220184.15
       21789.878       190249.49
       21799.696       167215.34
       21809.514       148929.31
       21819.332       133721.09
       21829.150       120650.16
       21838.968       109445.93
       21848.786       99498.756
       21858.604       90462.122
       21868.422       82431.819
       21878.240       75010.301
       21888.058       68001.106
       21897.876       61644.962
       21907.694       55653.039
       21917.512       49837.049
       21927.330       44462.697
       21937.148       39318.918
       21946.966       34245.945
       21956.784       29527.159
       21966.602       24944.153
       21976.420       20338.996
       21986.238       16034.992
       21996.056       11854.276
       22005.874       7598.6402
       22015.692       3572.3108
       22025.510      -351.70456
       22035.328      -4362.4394
       22045.146      -8157.0863
       22054.964      -11881.165
       22064.782      -15732.162
       22074.600      -19379.272
       22084.418      -22931.509
       22094.236      -26628.064
       22104.054      -30167.522
       22113.872      -33610.848
       22123.690      -37188.019
       22133.508      -40603.830
       22143.326      -43938.523
       22153.144      -47431.599
       22162.962      -50764.869
       22172.780      -53981.448
       22182.598      -57358.865
       22192.416      -60614.743
       22202.234      -63744.844
       22212.052      -67014.324
       22221.870      -70149.462
       22231.688      -73164.788
       22241.506      -76333.852
       22251.324      -79363.176
       22261.142      -82228.894
       22270.960      -85236.896
       22280.778      -88134.034
       22290.596      -90849.118
       22300.414      -93670.302
       22310.232      -96353.279
       22320.050      -98843.468
       22329.868      -101433.14
       22339.686      -103857.71
       22349.504      -106019.52
       22359.322      -108231.62
       22369.140      -110266.67
       22378.958      -111971.28
       22388.776      -113622.51
       22398.594      -114984.46
       22408.412      -115894.88
       22418.230      -116596.31
       22428.048      -116781.77
       22437.866      -116167.34
       22447.684      -114888.72
       22457.502      -112485.70
       22467.320      -108295.42
       22477.138      -101832.02
       22486.956      -91505.499
       22496.774      -74223.031
       22506.592      -43288.694
       22516.410       23850.334
       22526.228       267575.26
       22536.046       1099423.6
       22545.864       367441.45
       22555.682       209939.76
       22565.500       132945.94
       22575.318       85027.538
       22585.136       51545.399
       22594.954       26140.769
       22604.772       5930.0564
       22614.590      -10497.474
       22624.408      -24461.920
       22634.226      -36571.012
       22644.044      -46984.978
       22653.862      -56296.889
       22663.680      -64706.580
       22673.498      -72129.996
       22683.316      -78981.048
       22693.134      -85326.448
       22702.952      -90963.685
       22712.770      -96247.285
       22722.588      -101254.25
       22732.406      -105718.01
       22742.224      -109927.67
       22752.042      -113951.38
       22761.860      -117533.66
       22771.678      -120949.61
       22781.496      -124247.56
       22791.314      -127135.99
       22801.132      -129882.27
       22810.950      -132587.31
       22820.768      -134931.94
       22830.586      -137137.96
       22840.404      -139313.75
       22850.222      -141168.08
       22860.040      -142919.01
       22869.858      -144663.25
       22879.676      -146083.99
       22889.494      -147392.59
       22899.312      -148742.71
       22909.130      -149799.39
       22918.948      -150728.45
       22928.766      -151691.16
       22938.584      -152385.41
       22948.402      -152974.84
       22958.220      -153609.19
       22968.038      -153965.51
       22977.856      -154197.68
       22987.674      -154512.01
       22997.492      -154573.80
       23007.310      -154489.44
       23017.128      -154470.01
       23026.946      -154216.53
       23036.764      -153833.61
       23046.582      -153518.69
       23056.400      -152955.15
       23066.218      -152234.04
       23076.036      -151606.67
       23085.854      -150749.51
       23095.672      -149703.21
       23105.490      -148718.51
       23115.308      -147508.04
       23125.126      -146109.16
       23134.944      -144753.12
       23144.762      -143133.95
       23154.580      -141267.38
       23164.398      -139428.57
       23174.216      -137300.74
       23184.034      -134835.67
       23193.852      -132286.49
       23203.670      -129351.05
       23213.488      -125946.43
       23223.306      -122255.78
       23233.124      -117891.14
       23242.942      -112639.73
       23252.760      -106557.13
       23262.578      -98972.740
       23272.396      -89125.620
       23282.214      -76134.583
       23292.032      -57453.823
       23301.850      -27743.964
       23311.668       27790.889
       23321.486       180066.38
       23331.304       5455852.4
       23341.122       503010.44
       23350.940       291278.91
       23360.758       202930.68
       23370.576       152340.90
       23380.394       119055.17
       23390.212       95458.335
       23400.030       77610.209
       23409.848       63725.627
       23419.666       52799.466
       23429.484       43753.473
       23439.302       36254.635
       23449.120       30161.045
       23458.938       24898.711
       23468.756       20398.069
       23478.574       16708.328
       23488.392       13422.046
       23498.210       10571.670
       23508.028       8293.6461
       23517.846       6195.9969
       23527.664       4331.5576
       23537.482       2911.6264
       23547.300       1589.2586
       23557.118       391.92434
       23566.936      -470.54664
       23576.754      -1302.3165
       23586.572      -2062.6716
       23596.390      -2518.6839
       23606.208      -3000.3663
       23616.026      -3483.6061
       23625.844      -3689.0698
       23635.662      -3916.7062
       23645.480      -4181.8004
       23655.298      -4223.2396
       23665.116      -4304.9120
       23674.934      -4436.3342
       23684.752      -4341.3465
       23694.570      -4310.4545
       23704.388      -4376.2168
       23714.206      -4222.8084
       23724.024      -4109.2354
       23733.842      -4107.8078
       23743.660      -3927.9608
       23753.478      -3792.0097
       23763.296      -3766.9456
       23773.114      -3550.6014
       23782.932      -3388.8931
       23792.750      -3374.1650
       23802.568      -3168.8819
       23812.386      -2984.1581
       23822.204      -2949.5839
       23832.022      -2758.2431
       23841.840      -2582.9205
       23851.658      -2546.0343
       23861.476      -2331.3130
       23871.294      -2131.0900
       23881.112      -2093.1697
       23890.930      -1868.8032
       23900.748      -1611.0329
       23910.566      -1499.5468
       23920.384      -1219.0837
       23930.202      -880.46343
       23940.020      -649.90236
       23949.838      -200.46903
       23959.656       347.00435
       23969.474       809.48556
       23979.292       1553.8864
       23989.110       2516.6106
       23998.928       3508.3451
       24008.746       4887.2874
       24018.564       6674.6227
       24028.382       8759.7141
       24038.200       11603.212
       24048.018       15364.302
       24057.836       20152.952
       24067.654       26871.820
       24077.472       36483.746
       24087.290       50593.477
       24097.108       73508.798
       24106.926       115824.11
       24116.744       217976.94
       24126.562       916937.63
       24136.380       754134.12
       24146.198       432414.32
       24156.016       319685.62
       24165.834       258136.92
       24175.652       217739.45
       24185.470       188611.67
       24195.288       166321.71
       24205.106       148246.36
       24214.924       133279.62
       24224.742       120634.68
       24234.560       109447.64
       24244.378       99594.218
       24254.196       90895.228
       24264.014       82823.885
       24273.832       75430.342
       24283.650       68723.248
       24293.468       62307.554
       24303.286       56306.907
       24313.104       50773.910
       24322.922       45334.021
       24332.740       40155.372
       24342.558       35356.303
       24352.376       30573.182
       24362.194       25932.092
       24372.012       21593.237
       24381.830       17231.130
       24391.648       12974.627
       24401.466       8977.2701
       24411.284       4899.0928
       24421.102       883.06745
       24430.920      -2874.3274
       24440.738      -6712.6276
       24450.556      -10545.923
       24460.374      -14150.274
       24470.192      -17830.640
       24480.010      -21505.578
       24489.828      -24964.110
       24499.646      -28527.929
       24509.464      -32107.006
       24519.282      -35452.613
       24529.100      -38882.687
       24538.918      -42367.622
       24548.736      -45637.857
       24558.554      -48973.806
       24568.372      -52351.523
       24578.190      -55516.853
       24588.008      -58765.750
       24597.826      -62067.598
       24607.644      -65133.703
       24617.462      -68251.081
       24627.280      -71450.106
       24637.098      -74426.735
       24646.916      -77426.290
       24656.734      -80483.795
       24666.552      -83311.970
       24676.370      -86169.254
       24686.188      -89083.648
       24696.006      -91735.193
       24705.824      -94366.663
       24715.642      -97064.339
       24725.460      -99495.989
       24735.278      -101855.54
       24745.096      -104227.82
       24754.914      -106293.41
       24764.732      -108250.06
       24774.550      -110164.98
       24784.368      -111675.26
       24794.186      -112939.18
       24804.004      -114053.88
       24813.822      -114612.22
       24823.640      -114665.49
       24833.458      -114224.88
       24843.276      -112771.47
       24853.094      -110156.18
       24862.912      -106029.21
       24872.730      -99217.076
       24882.548      -88330.038
       24892.366      -70428.951
       24902.184      -37501.638
       24912.002       35829.974
       24921.820       328753.39
       24931.638       922653.70
       24941.456       347722.43
       24951.274       202416.75
       24961.092       129234.75
       24970.910       83138.215
       24980.728       50335.498
       24990.546       25504.102
       25000.364       5798.3251
       25010.182      -10609.380
       25020.000      -24392.948
       25029.818      -36222.624
       25039.636      -46764.171
       25049.454      -56013.858
       25059.272      -64211.695
       25069.090      -71814.532
       25078.908      -78661.082
       25088.726      -84820.094
       25098.544      -90655.043
       25108.362      -95970.940
       25118.180      -100804.26
       25127.998      -105472.37
       25137.816      -109739.68
       25147.634      -113594.19
       25157.452      -117382.95
       25167.270      -120878.94
       25177.088      -124008.83
       25186.906      -127098.87
       25196.724      -129944.98
       25206.542      -132483.92
       25216.360      -135023.70
       25226.178      -137345.23
       25235.996      -139354.14
       25245.814      -141397.03
       25255.632      -143279.42
       25265.450      -144855.52
       25275.268      -146453.48
       25285.086      -147908.27
       25294.904      -149091.25
       25304.722      -150313.56
       25314.540      -151400.30
       25324.358      -152194.76
       25334.176      -153043.63
       25343.994      -153802.93
       25353.812      -154268.04
       25363.630      -154763.77
       25373.448      -155176.75
       25383.266      -155323.38
       25393.084      -155509.54
       25402.902      -155613.87
       25412.720      -155426.21
       25422.538      -155282.83
       25432.356      -155097.13
       25442.174      -154613.72
       25451.992      -154141.99
       25461.810      -153625.07
       25471.628      -152831.35
       25481.446      -152048.00
       25491.264      -151209.57
       25501.082      -150058.14
       25510.900      -148903.92
       25520.718      -147716.62
       25530.536      -146193.08
       25540.354      -144607.85
       25550.172      -142953.47
       25559.990      -140947.05
       25569.808      -138829.15
       25579.626      -136570.60
       25589.444      -133846.94
       25599.262      -130892.27
       25609.080      -127680.54
       25618.898      -123796.75
       25628.716      -119362.45
       25638.534      -114261.56
       25648.352      -107927.92
       25658.170      -100156.61
       25667.988      -90297.921
       25677.806      -76778.513
       25687.624      -57347.621
       25697.442      -26386.921
       25707.260       33356.983
       25717.078       207056.01
       25726.896       2273981.3
       25736.714       469163.20
       25746.532       278365.82
       25756.350       194929.26
       25766.168       146570.67
       25775.986       114481.86
       25785.804       91318.256
       25795.622       74005.105
       25805.440       60530.934
       25815.258       49601.955
       25825.076       40816.370
       25834.894       33573.921
       25844.712       27368.845
       25854.530       22278.199
       25864.348       17989.105
       25874.166       14148.799
       25883.984       10991.681
       25893.802       8342.6660
       25903.620       5899.9637
       25913.438       3903.1496
       25923.256       2240.0916
       25933.074       652.67937
       25942.892      -587.38138
       25952.710      -1579.5279
       25962.528      -2609.1794
       25972.346      -3374.5606
       25982.164      -3921.1868
       25991.982      -4539.8108
       26001.800      -4971.5607
       26011.618      -5233.4388
       26021.436      -5593.9995
       26031.254      -5784.3241
       26041.072      -5821.3905
       26050.890      -6011.1263
       26060.708      -6068.3395
       26070.526      -5962.8553
       26080.344      -6006.8891
       26090.162      -5966.2300
       26099.980      -5788.4878
       26109.798      -5763.1146
       26119.616      -5651.2355
       26129.434      -5401.3036
       26139.252      -5339.9137
       26149.070      -5217.7235
       26158.888      -4937.4936
       26168.706      -4827.8206
       26178.524      -4693.8146
       26188.342      -4419.8436
       26198.160      -4308.1362
       26207.978      -4161.7194
       26217.796      -3865.3958
       26227.614      -3756.1186
       26237.432      -3630.2048
       26247.250      -3327.4795
       26257.068      -3180.9761
       26266.886      -3042.7611
       26276.704      -2737.3444
       26286.522      -2566.0207
       26296.340      -2378.9521
       26306.158      -1999.2676
       26315.976      -1757.8103
       26325.794      -1498.2164
       26335.612      -996.28055
       26345.430      -568.20321
       26355.248      -107.70467
       26365.066       629.03872
       26374.884       1373.6532
       26384.702       2249.3827
       26394.520       3522.7420
       26404.338       4929.4416
       26414.156       6640.5361
       26423.974       9032.0215
       26433.792       11956.852
       26443.610       15687.767
       26453.428       20863.391
       26463.246       27816.308
       26473.064       37626.396
       26482.882       52557.210
       26492.700       76665.566
       26502.518       121714.32
